lastAccountName: недожопер
timestamps:
  login: 1610296056950
  logout: 1610303919997
ipAddress: 192.168.100.2
lastlocation:
  world: map
  x: 0.2687097062491003
  y: 66.11109974115723
  z: 0.3737638943531497
  yaw: -1.200531
  pitch: 45.749943
logoutlocation:
  world: map
  x: 1.3491599817404853
  y: 30.42918904418604
  z: -6.370222723839067
  yaw: 339.45038
  pitch: -44.100006
